344
344
344
344
344
341
341
341
341
1127
1127
1127
1128
1128
5881
7057
7057
7057
7057
7057
7054
7054
7054
7054
7289
7289
7289
7290
7290
7457
9675
9675
9675
9675
9675
9673
9673
9673
9673
10972
10972
10972
10968
10968
12916
13843
13843
13843
13843
13843
13844
13844
13844
13844
17564
17564
17564
17562
17562
18232
19240
19240
19240
19240
19240
19241
19241
19241
19241
19920
19920
19920
19919
19919
20685
21102
21102
21102
21102
21102
21103
21103
21103
21103
21415
21415
21415
21413
21413
21635
21733
21733
21733
21733
21733
21732
21732
21732
21732
21771
21771
21771
21770
21770
23347
24949
24949
24949
24949
24949
24946
24946
24946
24946
24965
24965
24965
24966
24966
25961
27058
27058
27058
27058
27058
27057
27057
27057
27057
27707
27707
27707
27703
27703
27715
29062
29062
29062
29062
29062
29063
29063
29063
29063
30387
30387
30387
30388
30388
31804
32929
32929
32929
32929
32929
32930
32930
32930
32930
33262
33262
33262
33259
33259
33924
34836
34836
34836
34836
34836
34835
34835
34835
34835
35309
35309
35309
35307
35307
35375
35674
35674
35674
35674
35674
35675
35675
35675
35675
36023
36023
36023
36018
36018
37475
37490
37490
37490
37490
37490
37487
37487
37487
37487
39207
39207
39207
39205
39205
40769
41833
41833
41833
41833
41833
41832
41832
41832
41832
42488
42488
42488
42487
42487
45748
46406
46406
46406
46406
46406
46405
46405
46405
46405
48395
48395
48395
48394
48394
49363
49591
49591
49591
49591
49591
49592
49592
49592
49592
49600
49600
49600
49598
49598
52430
341
341
341
341
341
341
341
341
341
341
341
341
341
341
341
341
341
344
344
344
344
344
344
344
344
344
344
344
344
344
344
344
344
344
1127
1127
1127
1127
1127
1127
1127
1127
1127
1127
1127
1127
1127
1127
1128
1128
1128
1128
1128
1128
1128
1128
1128
1128
1128
1128
1128
1128
1128
5881
5881
5881
5881
5881
5881
5881
5881
5881
5881
5881
5881
5881
5881
5881
5881
5881
5882
5882
5882
5882
5882
5882
5882
5882
5882
5882
5882
5882
5882
5882
5882
5882
7054
7054
7054
7054
7054
7054
7054
7054
7054
7054
7054
7054
7054
7054
7054
7057
7057
7057
7057
7057
7057
7057
7057
7057
7057
7057
7057
7057
7057
7057
7289
7289
7289
7289
7289
7289
7289
7289
7289
7289
7289
7289
7289
7289
7289
7290
7290
7290
7290
7290
7290
7290
7290
7290
7290
7290
7290
7290
7290
7290
7290
7290
7456
7456
7456
7456
7456
7456
7456
7456
7456
7456
7456
7456
7456
7456
7456
7456
7457
7457
7457
7457
7457
7457
7457
7457
7457
7457
7457
7457
7457
7457
7457
7457
9673
9673
9673
9673
9673
9673
9673
9673
9673
9673
9673
9673
9673
9673
9675
9675
9675
9675
9675
9675
9675
9675
9675
9675
9675
9675
9675
9675
10968
10968
10968
10968
10968
10968
10968
10968
10968
10968
10968
10968
10968
10968
10968
10968
10972
10972
10972
10972
10972
10972
10972
10972
10972
10972
10972
10972
10972
10972
10972
12914
12914
12914
12914
12914
12914
12914
12914
12914
12914
12914
12914
12914
12914
12914
12914
12916
12916
12916
12916
12916
12916
12916
12916
12916
12916
12916
12916
12916
12916
12916
12916
13843
13843
13843
13843
13843
13843
13843
13843
13843
13843
13843
13843
13843
13843
13843
13843
13844
13844
13844
13844
13844
13844
13844
13844
13844
13844
13844
13844
13844
13844
13844
13844
17562
17562
17562
17562
17562
17562
17562
17562
17562
17562
17562
17562
17562
17562
17562
17562
17564
17564
17564
17564
17564
17564
17564
17564
17564
17564
17564
18232
18232
18232
18232
18232
18232
18232
18232
18232
18232
18232
18232
18232
18232
18232
18233
18233
18233
18233
18233
18233
18233
18233
18233
18233
18233
18233
18233
18233
18233
18233
19240
19240
19240
19240
19240
19240
19240
19240
19240
19240
19240
19240
19240
19240
19240
19240
19241
19241
19241
19241
19241
19241
19241
19241
19241
19241
19241
19241
19241
19241
19919
19919
19919
19919
19919
19919
19919
19919
19919
19919
19919
19919
19919
19919
19919
19919
19919
19920
19920
19920
19920
19920
19920
19920
19920
19920
19920
19920
19920
19920
19920
19920
19920
20683
20683
20683
20683
20683
20683
20683
20683
20683
20683
20683
20683
20683
20683
20683
20683
20685
20685
20685
20685
20685
20685
20685
20685
20685
20685
20685
20685
20685
20685
20685
21102
21102
21102
21102
21102
21102
21102
21102
21102
21102
21102
21102
21102
21102
21102
21102
21103
21103
21103
21103
21103
21103
21103
21103
21103
21103
21103
21103
21103
21103
21103
21413
21413
21413
21413
21413
21413
21413
21413
21413
21413
21413
21413
21413
21413
21413
21413
21415
21415
21415
21415
21415
21415
21415
21415
21415
21415
21415
21415
21415
21415
21415
21415
21635
21635
21635
21635
21635
21635
21635
21635
21635
21635
21635
21635
21635
21635
21635
21635
21635
21636
21636
21636
21636
21636
21636
21636
21636
21636
21636
21636
21636
21636
21636
21636
21636
21732
21732
21732
21732
21732
21732
21732
21732
21732
21732
21732
21732
21732
21732
21732
21733
21733
21733
21733
21733
21733
21733
21733
21733
21733
21733
21733
21770
21770
21770
21770
21770
21770
21770
21770
21770
21770
21770
21770
21771
21771
21771
21771
21771
21771
21771
21771
21771
21771
21771
21771
21771
21771
21771
21771
23346
23346
23346
23346
23346
23346
23346
23346
23346
23346
23346
23346
23346
23346
23346
23347
23347
23347
23347
23347
23347
23347
23347
23347
23347
23347
23347
23347
23347
23347
23347
24946
24946
24946
24946
24946
24946
24946
24946
24946
24946
24946
24946
24946
24946
24949
24949
24949
24949
24949
24949
24949
24949
24949
24949
24949
24949
24949
24949
24949
24949
24949
24965
24965
24965
24965
24965
24965
24965
24965
24965
24965
24965
24965
24966
24966
24966
24966
24966
24966
24966
24966
24966
24966
24966
24966
24966
24966
24966
24966
25957
25957
25957
25957
25957
25957
25957
25957
25957
25957
25957
25957
25957
25961
25961
25961
25961
25961
25961
25961
25961
25961
25961
25961
25961
25961
25961
25961
27057
27057
27057
27057
27057
27057
27057
27057
27057
27057
27057
27057
27057
27057
27058
27058
27058
27058
27058
27058
27058
27058
27058
27058
27058
27058
27058
27058
27058
27703
27703
27703
27703
27703
27703
27703
27703
27703
27703
27703
27703
27703
27703
27703
27703
27707
27707
27707
27707
27707
27707
27707
27707
27707
27707
27707
27707
27707
27707
27707
27707
27707
27715
27715
27715
27715
27715
27715
27715
27715
27715
27715
27715
27715
27715
27715
27715
27716
27716
27716
27716
27716
27716
27716
27716
27716
27716
27716
27716
27716
27716
27716
27716
29062
29062
29062
29062
29062
29062
29062
29062
29062
29062
29062
29062
29062
29062
29063
29063
29063
29063
29063
29063
29063
29063
29063
29063
29063
29063
29063
29063
29063
29063
29063
30387
30387
30387
30387
30387
30387
30387
30387
30387
30387
30387
30387
30387
30387
30387
30387
30387
30388
30388
30388
30388
30388
30388
30388
30388
30388
30388
30388
30388
30388
30388
31803
31803
31803
31803
31803
31803
31803
31803
31803
31803
31803
31803
31803
31803
31804
31804
31804
31804
31804
31804
31804
31804
31804
31804
31804
31804
31804
31804
31804
32929
32929
32929
32929
32929
32929
32929
32929
32929
32929
32929
32929
32929
32929
32929
32930
32930
32930
32930
32930
32930
32930
32930
32930
32930
32930
32930
32930
32930
32930
32930
33259
33259
33259
33259
33259
33259
33259
33259
33259
33259
33259
33259
33259
33262
33262
33262
33262
33262
33262
33262
33262
33262
33262
33262
33262
33262
33262
33262
33262
33923
33923
33923
33923
33923
33923
33923
33923
33923
33923
33923
33923
33923
33923
33924
33924
33924
33924
33924
33924
33924
33924
33924
33924
33924
33924
34835
34835
34835
34835
34835
34835
34835
34835
34835
34835
34835
34836
34836
34836
34836
34836
34836
34836
34836
34836
34836
34836
34836
35307
35307
35307
35307
35307
35307
35307
35307
35307
35307
35307
35307
35307
35307
35309
35309
35309
35309
35309
35309
35309
35309
35309
35309
35309
35309
35309
35375
35375
35375
35375
35375
35375
35375
35375
35375
35375
35375
35375
35375
35375
35375
35375
35376
35376
35376
35376
35376
35376
35376
35376
35376
35376
35376
35376
35376
35376
35674
35674
35674
35674
35674
35674
35674
35674
35674
35674
35674
35674
35675
35675
35675
35675
35675
35675
35675
35675
35675
35675
35675
35675
35675
35675
36018
36018
36018
36018
36018
36018
36018
36018
36018
36018
36018
36018
36018
36023
36023
36023
36023
36023
36023
36023
36023
36023
36023
36023
36023
36023
36023
36023
36023
37472
37472
37472
37472
37472
37472
37472
37472
37472
37472
37472
37472
37472
37472
37472
37472
37475
37475
37475
37475
37475
37475
37475
37475
37475
37475
37475
37475
37487
37487
37487
37487
37487
37487
37487
37487
37487
37487
37487
37487
37490
37490
37490
37490
37490
37490
37490
37490
37490
37490
37490
37490
37490
37490
37490
39205
39205
39205
39205
39205
39205
39205
39205
39205
39205
39205
39205
39207
39207
39207
39207
39207
39207
39207
39207
39207
39207
39207
39207
39207
40765
40765
40765
40765
40765
40765
40765
40765
40765
40765
40765
40765
40765
40769
40769
40769
40769
40769
40769
40769
40769
40769
40769
40769
40769
40769
40769
41832
41832
41832
41832
41832
41832
41832
41832
41832
41832
41832
41832
41832
41833
41833
41833
41833
41833
41833
41833
41833
41833
41833
41833
41833
41833
41833
42487
42487
42487
42487
42487
42487
42487
42487
42487
42487
42488
42488
42488
42488
42488
42488
42488
42488
42488
42488
42488
42488
42488
45747
45747
45747
45747
45747
45747
45747
45747
45747
45747
45747
45747
45747
45747
45748
45748
45748
45748
45748
45748
45748
45748
45748
45748
45748
45748
45748
45748
45748
46405
46405
46405
46405
46405
46405
46405
46405
46405
46405
46405
46405
46405
46406
46406
46406
46406
46406
46406
46406
46406
46406
46406
46406
46406
46406
46406
48394
48394
48394
48394
48394
48394
48394
48394
48394
48394
48394
48394
48394
48395
48395
48395
48395
48395
48395
48395
48395
48395
48395
48395
48395
48395
48395
48395
49363
49363
49363
49363
49363
49363
49363
49363
49363
49363
49363
49364
49364
49364
49364
49364
49364
49364
49364
49364
49364
49364
49364
49364
49364
49591
49591
49591
49591
49591
49591
49591
49591
49591
49591
49591
49591
49591
49591
49592
49592
49592
49592
49592
49592
49592
49592
49592
49592
49592
49592
49592
49592
49592
49598
49598
49598
49598
49598
49598
49598
49598
49598
49598
49598
49598
49598
49600
49600
49600
49600
49600
49600
49600
49600
49600
49600
49600
49600
49600
49600
49600
52429
52429
52429
52429
52429
52429
52429
52429
52429
52429
52429
52429
52429
52430
52430
52430
52430
52430
52430
52430
52430
52430
52430
52430
52430
52430
52430
52430
52430
341
1127
1128
5881
5882
1127
1128
5881
5882
1128
5881
5882
5881
5882
5882
7054
7289
7290
7457
7456
7289
7290
7457
7456
7290
7457
7456
7457
7456
7456
9673
10972
10968
12916
12914
10972
10968
12916
12914
10968
12916
12914
12916
12914
12914
13844
17564
17562
18232
18233
17564
17562
18232
18233
17562
18232
18233
18232
18233
18233
19241
19920
19919
20685
20683
19920
19919
20685
20683
19919
20685
20683
20685
20683
20683
21103
21415
21413
21635
21636
21415
21413
21635
21636
21413
21635
21636
21635
21636
21636
21732
21771
21770
23347
23346
21771
21770
23347
23346
21770
23347
23346
23347
23346
23346
24946
24965
24966
25961
25957
24965
24966
25961
25957
24966
25961
25957
25961
25957
25957
27057
27707
27703
27715
27716
27707
27703
27715
27716
27703
27715
27716
27715
27716
27716
29063
30387
30388
31804
31803
30387
30388
31804
31803
30388
31804
31803
31804
31803
31803
32930
33262
33259
33924
33923
33262
33259
33924
33923
33259
33924
33923
33924
33923
33923
34835
35309
35307
35375
35376
35309
35307
35375
35376
35307
35375
35376
35375
35376
35376
35675
36023
36018
37475
37472
36023
36018
37475
37472
36018
37475
37472
37475
37472
37472
37487
39207
39205
40769
40765
39207
39205
40769
40765
39205
40769
40765
40769
40765
40765
41832
42488
42487
45748
45747
42488
42487
45748
45747
42487
45748
45747
45748
45747
45747
46405
48395
48394
49363
49364
48395
48394
49363
49364
48394
49363
49364
49363
49364
49364
49592
49600
49598
52430
52429
49600
49598
52430
52429
49598
52430
52429
52430
52429
52429
21770
24965
33923
40765
49363
25961
27703
42487
19241
29062
46405
33924
33259
17564
31804
19920
13844
35675
21733
7289
23347
13843
49591
21103
19240
30388
21415
34836
21636
25961
37472
31803
49363
20685
25961
20683
42488
21732
12916
23347
33259
33923
27057
7290
17562
7289
35309
7057
37475
35674
19240
29062
32930
10972
24966
34836
52430
30388
25957
12914
40765
35309
31804
12914
7457
40765
25957
18232
21103
9675
23347
24949
52429
49363
20685
31804
33262
36018
37475
7456
18233
33259
42487
23346
7057
21415
33923
10968
23347
37487
49598
37472
37475
39207
49592
21102
27716
27703
48394
31803
46405
21770
24946
33924
18233
34836
37487
10968
49600
42488
23347
20685
12914
9673
21732
37487
27715
37472
24965
21733
1128
39207
27703
49600
33259
24966
5881
36023
31804
21413
39207
35307
37490
23347
17562
27707
39205
33262
41833
21103
5882
23347
27716
46406
21102
21103
27057
37475
33923
35675
19241
49592
40769
21635
48395
49598
25961
34835
34835
341
23347
27707
48395
37475
49363
19240
41832
35674
33923
30387
10968
13843
27057
21413
35309
27057
20683
49591
27058
12914
12916
52430
21635
34836
35307
32930
17562
27716
341
42487
21102
344
21770
36018
7290
41832
19240
35674
35307
33262
29062
17562
21413
27058
41832
49598
5882
52429
17564
37490
21103
27716
41833
27058
40765
341
33259
40769
29063
13843
24966
34835
36018
52430
17564
40769
29062
21770
33924
5881
41832
19240
42488
20683
29063
35376
7289
21732
32929
24965
17564
32930
35375
19920
49592
39205
27058
40765
52429
29063
25961
35674
48395
7054
30388
33923
20683
341
17562
21770
33262
41832
35375
21102
30387
31803
49598
7057
19241
19919
19240
21413
48394
52429
34835
24965
49592
27715
49363
32929
27703
24965
49592
48394
35375
45747
12916
7457
34835
9675
49363
49364
21413
36023
1128
40769
20685
7289
7054
24949
7057
12916
42487
49598
5881
31804
19241
41832
7456
25957
32930
41833
5882
33259
37487
35309
52429
30387
36023
27707
40769
21733
33924
48394
33923
7057
29062
21413
34835
46405
42488
7456
27716
40769
19919
21415
52429
21636
7457
35309
5882
10968
49592
21103
49363
41832
27716
12914
21636
36018
49364
52430
24965
24949
21413
46405
20683
9675
23347
9673
40769
52430
34836
49592
49591
27703
5881
21770
45747
52429
48395
32930
30388
18233
37487
42487
24949
29062
24966
49598
49364
5882
21415
7057
31803
33259
35375
17564
10968
49592
21102
49364
35675
24946
37475
46405
7456
48395
40765
32929
36023
34836
7057
27716
31804
42488
36018
34835
49364
23347
49363
36023
41833
24946
10968
33923
7289
30387
7289
49591
7290
21415
13843
21635
41832
27058
7456
27707
29062
41833
12916
21732
27715
21733
37472
42487
34836
49363
46405
21636
12916
37490
42488
21732
49591
341
34835
37475
31803
35375
27716
42487
10972
24946
21415
49363
37475
10968
32929
34835
17564
34836
31803
49364
21733
39205
7457
7054
30388
35675
33924
34836
24946
37490
21732
48394
35376
45747
39207
27715
19920
19919
1128
27703
37472
39207
13843
27057
18233
27715
24946
17562
46406
24965
37475
33259
37490
39207
21732
344
27715
40769
19920
29063
10972
33259
13844
52430
33924
37475
5881
24949
48395
7057
10968
52429
37490
42487
35376
27715
33924
12916
24965
24949
40769
25957
40765
30388
33262
31804
17564
34835
45747
36018
7456
24946
41832
20685
35375
34836
21733
45748
40769
12916
1128
52429
49364
35376
30387
27057
7290
40769
33262
39205
23346
5882
12914
41833
42487
33259
45748
9673
19241
7290
12914
12916
41832
45748
1128
21103
341
19919
48395
37490
49591
18232
10968
341
24949
21413
9673
49364
21415
34835
42487
13844
21636
7290
5881
21635
46406
33259
25961
45748
31803
42487
27716
49363
40769
1127
39205
10972
20685
19919
49363
36023
12916
7054
9675
27715
30388
48395
30387
13843
27058
35307
25957
29062
32929
49592
39207
1127
31804
34836
33259
1128
24965
27703
41832
48394
21102
49598
37487
39205
32930
33924
37472
34836
25961
48394
35674
24965
18232
24966
21103
27057
27707
21770
49363
17564
5882
1127
18232
34835
37472
35376
49600
21415
36023
27716
9673
7457
21635
7456
9675
27703
17562
7057
341
30387
42487
19920
12914
49592
37475
21732
18233
21771
31803
41832
21636
33924
45748
12914
49600
1127
40769
36023
30387
33259
7289
21413
9673
37475
49363
13844
13843
7457
37487
7456
7054
39205
48394
19919
52430
21770
49364
42487
7290
21732
19240
20685
344
18232
13843
42488
21636
41833
40769
37490
37487
27715
33259
49364
41832
18232
7057
9675
52429
37472
45747
33924
42487
35675
35376
48394
13844
5881
23346
341
37472
36023
33262
48395
32930
344
49364
32929
31804
1128
21415
12916
29062
24965
21102
341
46405
19240
21770
25957
21103
21733
33924
7456
344
49363
33924
21415
42487
49591
19240
21413
29063
40765
46405
17562
40769
19920
13844
13844
49363
21733
9673
32929
24966
49592
19240
35375
17564
34836
35675
30388
29063
37475
24965
33259
18232
39205
17562
341
49364
29062
35309
37487
46405
36023
30387
21733
24966
10968
20683
49598
1127
12914
48395
48394
39205
29063
34835
46405
33924
42487
23346
49363
37487
10972
36018
21771
45748
27703
5882
41833
20685
52429
21415
49364
18233
24946
42487
33262
52430
52429
46406
25961
12916
9673
48395
7054
33924
24966
37490
37487
40765
33923
49591
7057
39207
21732
41832
10968
20683
13844
37487
49364
25957
41833
37472
42488
21635
42487
20685
27058
9673
27703
7057
46406
35307
46405
45748
1127
27057
39207
27715
39205
42487
24949
9673
21770
52430
33259
52429
32929
341
27707
49592
46405
37475
24946
19920
27716
21732
41833
23346
25961
36018
12916
49591
25957
13843
35376
37475
37472
42487
17564
24965
24966
7457
34835
36023
24949
35376
49598
49364
21733
5882
30388
21103
18232
12914
21413
13844
1128
7054
341
27707
41832
17564
25961
24966
21732
1127
7290
37472
17562
29063
9673
7456
7054
35307
52430
49363
23347
20685
29062
18232
7054
39207
21635
42487
42488
27058
41833
41833
34835
23347
49592
9675
19919
24949
341
13843
27715
37472
42487
21413
37490
12916
36018
48394
27057
45747
21413
23346
42488
45748
344
23347
24949
35675
39205
42487
7057
35674
41833
35675
5882
36018
21770
20683
40765
7057
5881
48394
27707
32929
1127
41832
49600
36023
33259
30388
32930
40765
37487
40769
49600
39205
42488
36023
9673
12914
33924
32930
21733
35674
39207
31803
27703
21770
12914
7054
20683
21635
42487
36023
19240
40765
41832
35675
49592
27707
21415
21770
13843
19920
18232
40769
10968
40765
27057
10972
42487
41832
42488
21415
23346
32929
344
24965
40769
33923
29063
31804
40765
27715
48394
48395
19920
30387
45748
42488
27707
30387
18233
37487
341
1128
5881
36023
39207
48394
10968
27715
21732
49600
46406
33923
30387
40769
5881
49363
17564
24965
7289
32930
35376
27715
27716
7057
21415
12916
19919
35376
5882
18233
40765
34835
32930
49592
19920
35376
21732
24966
41832
42488
30387
344
20683
39207
27715
33259
13844
37490
31803
21103
42487
33262
48395
7057
10968
7457
21415
21636
21413
21770
19240
37487
9675
23346
7457
20685
27058
27715
5881
341
7456
34836
46406
52430
39205
35307
10972
27703
27716
18232
33924
34835
41832
21771
27057
19920
17562
39207
27716
13843
30387
7289
49363
41833
32929
341
21102
30388
21103
49598
1127
33923
52430
19919
31803
7290
33924
7054
17562
19241
23347
27703
344
41832
49592
13844
33259
24949
37472
33259
46406
31804
10968
9673
18233
21103
1127
42488
7057
25957
35674
48394
35307
33924
33262
341
24946
7054
18232
21770
19919
31804
49591
27715
48394
48395
13843
31804
41833
21413
37472
45747
20685
5882
13844
27716
32929
52429
35675
29063
10972
45748
344
24966
5881
21103
46405
30388
30387
31804
5882
21103
37487
48395
5881
17564
34836
35675
40769
17562
29063
19240
7289
21415
7057
21733
32930
29063
19241
33923
48395
12916
21635
18232
20683
9673
52430
49600
23347
49598
49591
48394
37475
13843
10968
40769
39205
19920
37475
13843
36023
24949
21415
29062
19241
31804
52430
49363
25961
21413
7057
37472
25957
21413
46405
49363
30387
33262
35375
35376
32930
27057
31803
35674
39207
49363
27058
1127
49592
1128
21415
7457
10968
12916
35307
21413
35675
12914
37487
19241
27057
49592
7289
7057
49600
20685
21413
30387
40765
13844
12916
52429
32929
19241
23347
21733
21636
35375
7457
37487
7289
41832
33923
25957
45748
19920
24966
5881
7290
21636
19919
7289
52430
49591
40769
37490
27703
49600
9673
20683
24966
17564
39205
35675
7057
7457
27707
35309
19919
13844
23346
33923
31804
31803
9673
33262
41833
31803
25957
35309
27057
24949
35375
17564
19920
29063
52429
21635
7456
31803
17564
37487
7289
34836
35674
21415
17562
12914
35675
49600
19241
24965
46406
21770
13844
25961
23347
13843
33923
21103
18232
9673
40765
35309
17562
42487
7457
33924
24946
35376
24965
40769
48395
27715
36023
9675
7057
49364
20683
27057
24965
25957
36023
45748
7289
21415
34835
40765
24949
19919
35674
27707
35375
17564
12916
42487
27703
33262
344
7457
18233
13843
7290
37487
41832
33924
29062
40765
46406
13844
20685
19919
37487
33924
36018
27058
7289
20683
21732
27057
12914
10972
35307
34836
37475
19920
341
1127
24946
344
39205
25961
9673
35674
27715
45748
