16
129
151
223
251
351
358
526
530
577
608
620
646
649
663
728
793
823
840
861
884
911
986
1008
1146
1242
1275
1286
1336
1414
1428
1543
1548
1558
1824
1849
1877
1892
1893
2025
2298
2340
2402
2464
2473
2595
2640
2725
2752
2781
2813
2905
2912
2917
3024
3112
3135
3156
3159
3200
3203
3403
3404
3520
3549
3562
3770
3901
3949
3953
3987
4001
4002
4077
4391
4554
4641
4685
4742
4769
4839
4840
4875
4933
4980
4995
5029
5072
5259
5276
5297
5409
5413
5435
5456
5481
5493
5629
5630
5743
6022
6065
6080
6220
6291
6294
6383
6510
6550
6606
6607
6645
6749
6837
6868
6870
6887
7170
7195
7224
7274
7323
7485
7486
7515
7534
7570
7674
7909
7997
8143
8252
8343
8365
8397
8406
8479
8510
8691
8899
8968
8975
9011
9024
9075
9090
9092
9170
9245
9291
9392
9441
9514
9600
9665
9901
9912
9934
9962
10059
10289
10361
10468
10478
10524
10528
10783
10787
10803
10862
10872
11119
11128
11139
11146
11242
11244
11375
11452
11539
11548
11577
11586
11596
11713
11751
11839
11863
12012
12212
12245
12285
12308
12346
12352
12363
12403
12451
12466
12516
12524
12659
12721
12754
12804
12894
12976
12986
13025
13029
13140
13306
13438
13479
13616
13677
13688
13692
13766
13890
13900
13938
13943
13994
14026
14278
14317
14372
14461
14634
14689
14743
14825
14918
14964
15003
15028
15042
15051
15111
15132
15628
15661
15726
15783
15811
15830
15850
15889
15915
15929
16070
16207
16224
16407
16507
16777
16866
16924
16931
16941
17009
17228
17250
17281
17314
17404
17426
17432
17436
17451
17466
17622
17768
17872
18115
18123
18145
18167
18206
18290
18350
18418
18567
18576
18622
18627
18682
18854
18883
18885
18908
18910
18995
19065
19069
19134
19155
19177
19282
19297
19342
19515
19517
19529
19639
19806
19950
19974
20074
20101
20187
20241
20295
20299
20336
20379
20384
20438
20522
20628
20688
20690
20807
20957
20984
21033
21075
21126
21155
21323
21333
21390
21520
21536
21715
21747
21780
21809
21823
21916
21923
21944
22177
22344
22559
22594
22711
22834
22853
22983
23103
23217
23218
23302
23392
23570
23625
23736
23787
23791
23914
24025
24205
24217
24266
24331
24378
24386
24393
24430
24490
24501
24544
24586
24606
24793
24871
24937
25017
25035
25040
25109
25173
25188
25191
25221
25235
25273
25313
25314
25387
25404
25477
25523
25572
25597
25795
25871
25914
26222
26275
26289
26338
26422
26463
26527
26542
26603
26604
26637
26663
26672
26740
26939
26967
27082
27119
27138
27163
27178
27246
27301
27309
27477
27505
27677
27781
27802
28080
28126
28137
28397
28447
28553
28595
28616
28660
28695
28751
28781
28840
28886
28899
28942
29136
29305
29321
29353
29367
29443
29484
29661
29750
29863
29898
29925
30076
30172
30248
30462
30465
30695
30804
30906
30958
30996
31003
31057
31084
31250
31256
31321
31340
31362
31421
31430
31617
31634
31689
31693
31739
31829
31877
31918
31972
31983
32049
32062
32115
32293
32343
32347
32349
32384
32426
32463
32525
32556
32576
27703
11354
4002
1615
19841
11534
16664
21582
5407
19208
18323
22525
20295
6870
1889
19192
6361
29171
15455
8908
12641
21
13201
18257
24104
19480
3056
5271
1640
25530
7513
2538
5072
3051
4366
21519
28188
13951
2348
26003
28944
10404
27594
29932
21203
27791
27834
21704
22413
10562
25369
19783
16503
30469
6984
21634
23201
13639
30872
3474
10219
21711
10126
4148
26311
20660
5420
21781
12633
29447
29379
13319
26801
29512
22014
26454
23678
6286
14608
9309
326
23565
31348
31796
22512
29902
8009
9790
2028
21174
23616
11552
24851
30615
8192
12454
3278
27113
27902
28764
30529
7524
25558
8857
9430
15124
25670
21438
14758
29903
5739
9788
21929
5061
17421
28011
16133
7926
29353
26149
22974
29493
18820
10862
26318
9680
18000
25211
20010
19917
29013
13510
29775
4662
23804
25449
16446
26645
27498
8031
15951
28887
28036
15330
16487
27104
15839
22679
30579
27246
13164
18993
9049
22843
2634
16654
14282
1731
15943
18568
4157
19188
30340
8721
23435
19132
14708
11274
5486
12427
14671
18771
14375
16547
27141
8615
8045
522
32638
1418
17249
25351
5326
12849
26408
11169
850
14871
1222
12759
26000
9699
7141
7782
28496
12920
6646
13156
11701
27029
23372
1093
4371
19825
3870
9329
14946
6665
3054
23924
11925
1932
15773
27304
25822
25320
16928
4003
25642
21101
17231
11689
22500
29133
9515
24649
10691
28383
9381
7091
12809
10626
26796
4658
19659
21110
32106
32302
21400
27675
32575
18001
7509
2002
5035
6708
29137
3407
28585
32505
13192
29670
13424
32531
31663
16206
19406
5009
15752
24527
11351
8661
24270
25223
14494
24723
11336
24938
11749
28104
7289
9166
21976
10970
29251
17192
6161
23003
28970
18416
1873
32760
4505
1609
16705
27623
10963
16917
4908
23526
5090
3486
9327
9963
18937
15681
16823
31492
27159
13755
19307
32719
3573
7989
32551
710
18355
28385
14053
5079
22960
24240
14457
18214
18002
24462
3391
30549
11612
13169
31558
21712
32320
30570
29817
1557
31890
8799
26699
18569
30302
15350
20372
8885
24141
26740
16592
18526
13045
16905
10945
16834
28273
916
2673
19940
29877
26965
2339
13397
31754
6270
18493
19708
32175
4880
18699
17376
30269
21853
8886
3262
16819
3351
6866
29129
26441
5941
21149
207
19219
2863
6333
31861
15802
12858
23616
14452
1841
18471
6785
12426
28559
24933
25391
22357
16523
15978
26899
32619
6378
31204
3390
11152
16180
6335
31468
26628
271
23375
32017
15200
15598
2913
24821
16474
2069
29415
24496
29081
15874
5678
29285
448
11273
8766
25223
22314
19816
8632
30175
16291
11835
23163
7296
25450
32458
20906
18634
32223
28665
1189
5908
24385
24014
8110
6639
16127
30032
13447
12644
15421
27205
11429
13218
30704
251
2644
13801
7539
8159
14341
30730
144
15304
26903
4933
23038
30965
30182
6303
17473
16153
16597
7521
29933
20068
16651
24363
10536
12834
2036
17676
27889
32706
18343
21640
19400
31445
24503
7241
16583
29615
6653
3142
27827
916
9748
2569
9326
22505
14930
13042
22767
22104
31317
3440
29055
8177
24567
6618
21723
14639
30374
14877
30978
18354
16849
23842
8913
5213
11031
14353
