20
0.20453923234194
1.0
1.0
0.541234681652391
0.0883088359789221
0.0883088359789221
0.0883088359789221
0.0883088359789221
0.0883088359789221
0.0883088359789221
0.0883088359789221
0.0883088359789221
0.104581104186552
0.104581104186552
0.104581104186552
0.0883088359789221
0.0883088359789221
0.0883088359789221
0.138600685810783
0.285214027805501
0.116503523668095
0.411880294069541
0.39323571126036
0.39323571126036
0.489479114796156
0.29327390121757
0.69804308387404
0.69804308387404
0.116503523668095
0.116503523668095
0.388142642049525
0
0
0
0
0
